2 0 32 1 1 1 16 0 0 0 0 0 0 0 0 0 0 0 0 0 0 0 0 2 0 32 1 1 1 4 128 128 128 0 32 1 1 1 4 128 128 128 node_36
2 0 32 512 1 1 16 0 0 0 0 0 0 0 0 0 0 0 0 0 0 0 0 2 0 32 512 1 1 4 128 65536 65536 0 32 1 1 1 4 128 128 128 node_36
2 0 2560 1 1 1 16 0 0 0 0 0 0 0 0 0 0 0 0 0 0 0 0 2 0 2560 1 1 1 4 10240 10240 10240 0 2560 1 1 1 4 10240 10240 10240 attn_residual-0
2 0 2560 512 1 1 16 0 0 0 0 0 0 0 0 0 0 0 0 0 0 0 0 2 0 2560 512 1 1 4 10240 5242880 5242880 0 2560 512 1 1 4 10240 5242880 5242880 attn_residual-0
7 0 32 1 1 1 16 0 0 0 0 0 0 0 0 0 0 0 0 0 0 0 0 2 0 32 1 1 1 4 128 128 128 0 32 1 1 1 4 128 128 128 gate-0
7 0 32 512 1 1 16 0 0 0 0 0 0 0 0 0 0 0 0 0 0 0 0 2 0 32 512 1 1 4 128 65536 65536 0 32 1 1 1 4 128 128 128 gate-0
7 0 128 32 1 1 16 0 0 0 0 0 0 0 0 0 0 0 0 0 0 0 0 2 0 128 32 1 1 4 512 16384 16384 0 128 1 1 1 4 512 512 512 node_50
7 0 128 32 1 1 16 0 0 0 0 0 0 0 0 0 0 0 0 0 0 0 0 2 0 128 32 1 1 4 512 16384 16384 0 128 32 1 1 4 512 16384 16384 node_54
7 0 128 32 512 1 16 0 0 0 0 0 0 0 0 0 0 0 0 0 0 0 0 2 0 128 32 512 1 4 512 16384 8388608 0 128 1 1 1 4 512 512 512 node_50
7 0 128 32 512 1 16 0 0 0 0 0 0 0 0 0 0 0 0 0 0 0 0 2 0 128 32 512 1 4 512 16384 8388608 0 128 32 512 1 4 512 16384 8388608 node_54
7 0 256 4 1 1 16 0 0 0 0 0 0 0 0 0 0 0 0 0 0 0 0 2 0 256 4 1 1 4 1024 4096 4096 0 256 1 1 1 4 1024 1024 1024 Kcur_normed-3
7 0 256 4 512 1 16 0 0 0 0 0 0 0 0 0 0 0 0 0 0 0 0 2 0 256 4 512 1 4 1024 4096 2097152 0 256 1 1 1 4 1024 1024 1024 Kcur_normed-3
7 0 256 16 1 1 16 0 0 0 0 0 0 0 0 0 0 0 0 0 0 0 0 2 0 256 16 1 1 4 1024 16384 16384 0 256 1 1 1 4 1024 1024 1024 Qcur_normed-3
7 0 256 16 512 1 16 0 0 0 0 0 0 0 0 0 0 0 0 0 0 0 0 2 0 256 16 512 1 4 1024 16384 8388608 0 256 1 1 1 4 1024 1024 1024 Qcur_normed-3
7 0 2560 1 1 1 16 0 0 0 0 0 0 0 0 0 0 0 0 0 0 0 0 2 0 2560 1 1 1 4 10240 10240 10240 0 2560 1 1 1 4 10240 10240 10240 attn_norm-0
7 0 2560 512 1 1 16 0 0 0 0 0 0 0 0 0 0 0 0 0 0 0 0 2 0 2560 512 1 1 4 10240 5242880 5242880 0 2560 1 1 1 4 10240 10240 10240 attn_norm-0
7 0 4096 1 1 1 16 0 0 0 0 0 0 0 0 0 0 0 0 0 0 0 0 2 0 4096 1 1 1 4 16384 16384 16384 0 4096 1 1 1 4 16384 16384 16384 attn_gated-3
7 0 4096 512 1 1 16 0 0 0 0 0 0 0 0 0 0 0 0 0 0 0 0 2 0 4096 512 1 1 4 16384 8388608 8388608 0 4096 512 1 1 4 16384 8388608 8388608 attn_gated-3
22 0 4 8192 1 1 16 0 0 0 0 0 0 0 0 0 0 0 0 0 0 0 0 2 0 3 8192 1 1 4 12 98304 98304 0 1 8192 1 1 32768 4 32768 32768 conv_input-0
22 0 515 8192 1 1 16 0 0 0 0 0 0 0 0 0 0 0 0 0 0 0 0 2 0 3 8192 1 1 4 12 98304 98304 0 512 8192 1 1 32768 4 16777216 16777216 conv_input-0
25 0 128 32 1 1 16 897988541 0 0 0 0 0 0 0 0 0 0 0 0 0 0 0 1 0 128 32 1 1 4 512 16384 16384 norm-0
25 0 128 32 512 1 16 897988541 0 0 0 0 0 0 0 0 0 0 0 0 0 0 0 1 0 128 32 512 1 4 512 16384 8388608 norm-0
25 0 256 4 1 1 16 897988541 0 0 0 0 0 0 0 0 0 0 0 0 0 0 0 1 0 256 4 1 1 4 1024 4096 4096 norm-3
25 0 256 4 512 1 16 897988541 0 0 0 0 0 0 0 0 0 0 0 0 0 0 0 1 0 256 4 512 1 4 1024 4096 2097152 norm-3
25 0 256 16 1 1 16 897988541 0 0 0 0 0 0 0 0 0 0 0 0 0 0 0 1 0 256 16 1 1 4 2048 32768 32768 norm-3
25 0 256 16 512 1 16 897988541 0 0 0 0 0 0 0 0 0 0 0 0 0 0 0 1 0 256 16 512 1 4 2048 32768 16777216 norm-3
25 0 2560 1 1 1 16 897988541 0 0 0 0 0 0 0 0 0 0 0 0 0 0 0 1 0 2560 1 1 1 4 10240 10240 10240 norm-0
25 0 2560 512 1 1 16 897988541 0 0 0 0 0 0 0 0 0 0 0 0 0 0 0 1 0 2560 512 1 1 4 10240 5242880 5242880 norm-0
28 0 128 16 1 1 16 897988541 0 0 0 0 0 0 0 0 0 0 0 0 0 0 0 1 0 128 16 1 1 4 512 32768 32768 q_conv_predelta-0
28 0 128 16 512 1 16 897988541 0 0 0 0 0 0 0 0 0 0 0 0 0 0 0 1 0 128 16 512 1 4 512 32768 16777216 q_conv_predelta-0
29 0 32 1 1 1 16 0 0 0 0 0 0 0 0 0 0 0 0 0 0 0 0 2 8 2560 32 1 1 34 2720 87040 87040 0 2560 1 1 1 4 10240 10240 10240 node_34
29 0 32 512 1 1 16 0 0 0 0 0 0 0 0 0 0 0 0 0 0 0 0 2 8 2560 32 1 1 34 2720 87040 87040 0 2560 512 1 1 4 10240 5242880 5242880 node_34
29 0 1024 1 1 1 16 0 0 0 0 0 0 0 0 0 0 0 0 0 0 0 0 2 8 2560 1024 1 1 34 2720 2785280 2785280 0 2560 1 1 1 4 10240 10240 10240 Vcur-3
29 0 1024 512 1 1 16 0 0 0 0 0 0 0 0 0 0 0 0 0 0 0 0 2 8 2560 1024 1 1 34 2720 2785280 2785280 0 2560 512 1 1 4 10240 5242880 5242880 Vcur-3
29 0 2560 1 1 1 16 0 0 0 0 0 0 0 0 0 0 0 0 0 0 0 0 2 8 4096 2560 1 1 34 4352 11141120 11141120 0 4096 1 1 1 4 16384 16384 16384 linear_attn_out-0
29 0 2560 1 1 1 16 0 0 0 0 0 0 0 0 0 0 0 0 0 0 0 0 2 8 9216 2560 1 1 34 9792 25067520 25067520 0 9216 1 1 1 4 36864 36864 36864 ffn_out-0
29 0 2560 512 1 1 16 0 0 0 0 0 0 0 0 0 0 0 0 0 0 0 0 2 8 4096 2560 1 1 34 4352 11141120 11141120 0 4096 512 1 1 4 16384 8388608 8388608 linear_attn_out-0
29 0 2560 512 1 1 16 0 0 0 0 0 0 0 0 0 0 0 0 0 0 0 0 2 8 9216 2560 1 1 34 9792 25067520 25067520 0 9216 512 1 1 4 36864 18874368 18874368 ffn_out-0
29 0 4096 1 1 1 16 0 0 0 0 0 0 0 0 0 0 0 0 0 0 0 0 2 8 2560 4096 1 1 34 2720 11141120 11141120 0 2560 1 1 1 4 10240 10240 10240 z-0
29 0 4096 512 1 1 16 0 0 0 0 0 0 0 0 0 0 0 0 0 0 0 0 2 8 2560 4096 1 1 34 2720 11141120 11141120 0 2560 512 1 1 4 10240 5242880 5242880 z-0
29 0 8192 1 1 1 16 0 0 0 0 0 0 0 0 0 0 0 0 0 0 0 0 2 8 2560 8192 1 1 34 2720 22282240 22282240 0 2560 1 1 1 4 10240 10240 10240 node_13
29 0 8192 512 1 1 16 0 0 0 0 0 0 0 0 0 0 0 0 0 0 0 0 2 8 2560 8192 1 1 34 2720 22282240 22282240 0 2560 512 1 1 4 10240 5242880 5242880 node_13
29 0 9216 1 1 1 16 0 0 0 0 0 0 0 0 0 0 0 0 0 0 0 0 2 8 2560 9216 1 1 34 2720 25067520 25067520 0 2560 1 1 1 4 10240 10240 10240 ffn_gate-0
29 0 9216 512 1 1 16 0 0 0 0 0 0 0 0 0 0 0 0 0 0 0 0 2 8 2560 9216 1 1 34 2720 25067520 25067520 0 2560 512 1 1 4 10240 5242880 5242880 ffn_gate-0
29 0 248320 1 1 1 16 0 0 0 0 0 0 0 0 0 0 0 0 0 0 0 0 2 8 2560 248320 1 1 34 2720 675430400 675430400 0 2560 1 1 1 4 10240 10240 10240 result_output
29 0 248320 512 1 1 16 0 0 0 0 0 0 0 0 0 0 0 0 0 0 0 0 2 8 2560 248320 1 1 34 2720 675430400 675430400 0 2560 512 1 1 4 10240 5242880 5242880 result_output
32 0 24576 1 1 1 16 0 0 0 0 0 0 0 0 0 0 0 0 0 0 0 0 1 0 24576 1 1 1 4 98304 98304 98304 cache_r_l0 (reshaped) (view) (view)
32 0 524288 1 1 1 16 0 0 0 0 0 0 0 0 0 0 0 0 0 0 0 0 1 0 524288 1 1 1 4 2097152 2097152 2097152 cache_s_l0 (reshaped) (view) (view)
34 0 0 1 1 1 16 0 0 0 0 0 0 0 0 0 0 0 0 0 0 0 0 2 0 24576 0 1 1 4 98304 0 0 0 0 1 1 1 4 0 0 0 cache_r_l0 (view) (copy of )
34 0 0 1 1 1 16 0 0 0 0 0 0 0 0 0 0 0 0 0 0 0 0 2 0 524288 0 1 1 4 2097152 0 0 0 0 1 1 1 4 0 0 0 cache_s_l0 (view) (copy of )
34 0 24576 1 1 1 16 0 0 0 0 0 0 0 0 0 0 0 0 0 0 0 0 2 0 3 8192 1 1 4 16 131072 131072 0 24576 1 1 1 4 98304 98304 98304 state_update_target-0 (copy of last_conv_states-0)
34 0 24576 1 1 1 16 0 0 0 0 0 0 0 0 0 0 0 0 0 0 0 0 2 0 3 8192 1 1 4 2060 16875520 16875520 0 24576 1 1 1 4 98304 98304 98304 state_update_target-0 (copy of last_conv_states-0)
34 0 524288 1 1 1 16 0 0 0 0 0 0 0 0 0 0 0 0 0 0 0 0 2 0 128 128 32 1 4 512 65536 2097152 0 524288 1 1 1 4 2097152 2097152 2097152 cache_s_l0 (view) (copy of new_state-0)
34 1 262144 1 1 1 16 0 0 0 0 0 0 0 0 0 0 0 0 0 0 0 0 2 0 262144 1 1 1 4 1048576 1048576 1048576 1 262144 1 1 1 2 524288 524288 524288  (copy)
34 1 262144 512 1 1 16 0 0 0 0 0 0 0 0 0 0 0 0 0 0 0 0 2 0 262144 512 1 1 4 1048576 536870912 536870912 1 262144 512 1 1 2 524288 268435456 268435456  (copy)
35 0 4096 1 1 1 16 0 0 0 0 0 0 0 0 0 0 0 0 0 0 0 0 1 0 256 16 1 1 4 2048 32768 32768 gate_reshaped-3
35 0 4096 512 1 1 16 0 0 0 0 0 0 0 0 0 0 0 0 0 0 0 0 1 0 256 16 512 1 4 2048 32768 16777216 gate_reshaped-3
40 0 2560 1 1 1 16 0 0 0 0 0 0 0 0 0 0 0 0 0 0 0 0 2 0 2560 1 1 1 4 10240 10240 10240 26 1 1 1 1 4 4 4 4 node_1820
40 0 2560 1 1 1 16 0 0 0 0 0 0 0 0 0 0 0 0 0 0 0 0 2 8 2560 248320 1 1 34 2720 675430400 675430400 26 1 1 1 1 4 4 4 4 model.input_embed
40 0 2560 512 1 1 16 0 0 0 0 0 0 0 0 0 0 0 0 0 0 0 0 2 0 2560 512 1 1 4 10240 5242880 5242880 26 512 1 1 1 4 2048 2048 2048 node_1820
40 0 2560 512 1 1 16 0 0 0 0 0 0 0 0 0 0 0 0 0 0 0 0 2 8 2560 248320 1 1 34 2720 675430400 675430400 26 512 1 1 1 4 2048 2048 2048 model.input_embed
40 0 24576 0 1 1 16 0 0 0 0 0 0 0 0 0 0 0 0 0 0 0 0 2 0 24576 1 1 1 4 98304 98304 98304 26 0 1 1 1 4 0 0 0 node_9
40 0 24576 1 1 1 16 0 0 0 0 0 0 0 0 0 0 0 0 0 0 0 0 2 0 24576 1 1 1 4 98304 98304 98304 26 1 1 1 1 4 4 4 4 conv_states-0
40 0 524288 0 1 1 16 0 0 0 0 0 0 0 0 0 0 0 0 0 0 0 0 2 0 524288 1 1 1 4 2097152 2097152 2097152 26 0 1 1 1 4 0 0 0 node_24
40 0 524288 1 1 1 16 0 0 0 0 0 0 0 0 0 0 0 0 0 0 0 0 2 0 524288 1 1 1 4 2097152 2097152 2097152 26 1 1 1 1 4 4 4 4 node_23
42 1 1024 262144 1 1 16 0 0 0 0 0 0 0 0 0 0 0 0 0 0 0 0 3 0 1024 1 1 1 4 4096 4096 4096 27 1 1 1 1 8 8 8 8 1 1024 262144 1 1 2 2048 536870912 536870912 cache_k_l3 (view)
42 1 1024 262144 1 1 16 0 0 0 0 0 0 0 0 0 0 0 0 0 0 0 0 3 0 1024 512 1 1 4 4096 2097152 2097152 27 512 1 1 1 8 4096 4096 4096 1 1024 262144 1 1 2 2048 536870912 536870912 cache_k_l3 (view)
48 0 256 4 1 1 16 0 64 40 0 262144 1259902592 1065353216 0 1065353216 1107296256 1065353216 11 11 10 0 0 2 0 256 4 1 1 4 1024 4096 4096 26 4 1 1 1 4 16 16 16 Kcur-3
48 0 256 4 512 1 16 0 64 40 0 262144 1259902592 1065353216 0 1065353216 1107296256 1065353216 11 11 10 0 0 2 0 256 4 512 1 4 1024 4096 2097152 26 2048 1 1 1 4 8192 8192 8192 Kcur-3
48 0 256 16 1 1 16 0 64 40 0 262144 1259902592 1065353216 0 1065353216 1107296256 1065353216 11 11 10 0 0 2 0 256 16 1 1 4 1024 16384 16384 26 4 1 1 1 4 16 16 16 Qcur-3
48 0 256 16 512 1 16 0 64 40 0 262144 1259902592 1065353216 0 1065353216 1107296256 1065353216 11 11 10 0 0 2 0 256 16 512 1 4 1024 16384 8388608 26 2048 1 1 1 4 8192 8192 8192 Qcur-3
73 0 256 16 1 1 16 1031798784 0 0 10 0 0 0 0 0 0 0 0 0 0 0 0 4 0 256 1 16 1 4 16384 1024 16384 1 256 262144 4 1 2 2048 512 536870912 1 256 262144 4 1 2 2048 512 536870912 1 262144 1 1 1 2 524288 524288 524288 __fattn__-3
73 0 256 16 512 1 16 1031798784 0 0 10 0 0 0 0 0 0 0 0 0 0 0 0 4 0 256 512 16 1 4 16384 1024 8388608 1 256 262144 4 1 2 2048 512 536870912 1 256 262144 4 1 2 2048 512 536870912 1 262144 512 1 1 2 524288 268435456 268435456 __fattn__-3
75 0 8192 1 1 1 16 0 0 0 0 0 0 0 0 0 0 0 0 0 0 0 0 2 0 4 8192 1 1 4 16 131072 131072 0 4 8192 1 1 4 16 131072 131072 conv_output_raw-0
75 0 8192 512 1 1 16 0 0 0 0 0 0 0 0 0 0 0 0 0 0 0 0 2 0 515 8192 1 1 4 2060 16875520 16875520 0 4 8192 1 1 4 16 131072 131072 conv_output_raw-0
85 0 4096 129 1 1 16 0 0 0 0 0 0 0 0 0 0 0 0 0 0 0 0 6 0 128 16 1 1 4 512 8192 8192 0 128 16 1 1 4 512 8192 8192 0 128 32 1 1 4 512 32768 32768 0 1 32 1 1 4 4 128 128 0 1 32 1 1 4 4 128 128 0 128 128 32 1 4 512 65536 2097152 __fgdn_ar__-0
85 0 4096 640 1 1 16 0 0 0 0 0 0 0 0 0 0 0 0 0 0 0 0 6 0 128 16 512 1 4 512 8192 4194304 0 128 16 512 1 4 512 8192 4194304 0 128 32 512 1 4 512 32768 16777216 0 1 32 512 1 4 4 128 65536 0 1 32 512 1 4 4 128 65536 0 128 128 32 1 4 512 65536 2097152 __fgdn_ch__-0
86 0 1 32 1 1 16 7 0 0 0 0 0 0 0 0 0 0 0 0 0 0 0 1 0 1 32 1 1 4 4 128 128 node_42
86 0 1 32 512 1 16 7 0 0 0 0 0 0 0 0 0 0 0 0 0 0 0 1 0 1 32 512 1 4 4 128 65536 node_42
86 0 32 1 1 1 16 15 0 0 0 0 0 0 0 0 0 0 0 0 0 0 0 1 0 32 1 1 1 4 128 128 128 a_softplus-0
86 0 32 512 1 1 16 15 0 0 0 0 0 0 0 0 0 0 0 0 0 0 0 1 0 32 512 1 1 4 128 65536 65536 a_softplus-0
86 0 128 32 1 1 16 10 0 0 0 0 0 0 0 0 0 0 0 0 0 0 0 1 0 128 32 1 1 4 512 16384 16384 node_53
86 0 128 32 512 1 16 10 0 0 0 0 0 0 0 0 0 0 0 0 0 0 0 1 0 128 32 512 1 4 512 16384 8388608 node_53
86 0 4096 1 1 1 16 7 0 0 0 0 0 0 0 0 0 0 0 0 0 0 0 1 0 4096 1 1 1 4 16384 16384 16384 gate_sigmoid-3
86 0 4096 512 1 1 16 7 0 0 0 0 0 0 0 0 0 0 0 0 0 0 0 1 0 4096 512 1 1 4 16384 8388608 8388608 gate_sigmoid-3
86 0 8192 1 1 1 16 10 0 0 0 0 0 0 0 0 0 0 0 0 0 0 0 1 0 8192 1 1 1 4 32768 32768 32768 conv_output_silu-0
86 0 8192 512 1 1 16 10 0 0 0 0 0 0 0 0 0 0 0 0 0 0 0 1 0 8192 512 1 1 4 32768 16777216 16777216 conv_output_silu-0
95 0 9216 1 1 1 16 2 0 0 0 0 0 0 0 0 0 0 0 0 0 0 0 2 0 9216 1 1 1 4 36864 36864 36864 0 9216 1 1 1 4 36864 36864 36864 ffn_swiglu-0
95 0 9216 512 1 1 16 2 0 0 0 0 0 0 0 0 0 0 0 0 0 0 0 2 0 9216 512 1 1 4 36864 18874368 18874368 0 9216 512 1 1 4 36864 18874368 18874368 ffn_swiglu-0
